abcdefghijklmnopqrstuvwxyz
abcdefghijklmnopqrstuvwxyz
9.9704
8.3081
9.8135
2.9178
7.8845
10.4606
7.6198
3.9775
2.2664
2.3339
3.8979
6.1355
4.7402
6.2837
4.8814
7.7214
3.3304
6.6857
5.6338
7.7783
6.9711
7.9875
9.5816
1.5153
8.3169
2.4087
5.2092
3.8005
2.7945
10.2952
3.9067
9.4940
3.7136
8.9503
6.3289
4.6772
7.6803
3.4467
8.5520
1.9479
4.1528
3.4142
4.1560
7.4016
3.7000
1.3243
3.3158
5.1327
8.5581
7.1313
5.0904
10.6471
6.7997
5.4562
5.3155
2.9829
9.7265
9.2982
5.6009
6.4757
6.2513
4.8193
2.1830
2.9712
9.4272
5.4039
3.4219
6.7898
10.9548
1.2043
1.0411
10.8837
9.1337
4.6860
4.6255
4.5570
4.8315
3.1800
8.8153
7.9926
10.0929
1.0766
6.2424
6.6631
6.2047
4.2596
3.6943
9.2574
4.6349
4.3460
5.9506
9.3821
8.8458
3.0763
6.6965
10.3335
2.2312
2.1848
8.9743
9.2961
8.9024
7
5
8
7
5
2
3
1
1
9
7
1
8
7
6
9
6
7
6
2
5
3
7
6
2
3
7
8
5
3
3
5
10
10
3
6
8
10
1
2
1
8
3
6
9
8
1
6
1
1
6
5
3
7
4
5
8
3
5
3
6
5
7
9
6
3
1
9
4
10
1
6
6
4
2
7
10
2
7
4
2
1
8
4
7
9
2
3
6
9
9
6
6
9
7
7
1
5
10
7
7
3
6
7
8
1
7
10
10
8
1
7
10
10
1
6
2
3
6
10
3
5
7
6
3
7
3
10
10
10
10
6
9
9
10
2
6
8
6
10
4
3
1
8
9
1
8
4
10
9
7
6
4
8
10
5
7
1
4
2
8
8
1
10
9
5
8
2
1
9
10
5
7
7
7
10
4
9
7
3
9
10
10
1
3
4
2
1
9
5
5
5
4
5
3
7
3
2
9
5
3
7
