m 8094809385
c 8959438095
b 4590386908
a 3940543677
z 4966566236




Variable USEER not found!
tyu67 234235435
67
31
9
55
19
43
23
7
27
93
93
46
71
21
10
34
63
7
74
6
18
42
30
53
77
49
72
51
5
99
75
63
52
44
29
12
36
91
43
98
70
38
53
43
66
90
100
94
90
60
2
21
2
91
68
26
1
56
78
71
71
72
2
29
18
30
94
27
92
98
99
73
64
77
36
81
89
87
88
88
50
79
61
46
98
55
62
61
77
4
12
81
13
73
27
98
36
25
26
37
97
Marks of 100 students
73
2
93
62
29
57
26
55
87
38
14
69
91
22
93
12
57
31
63
69
33
50
89
86
18
61
91
51
39
45
64
61
51
92
77
77
69
85
70
99
37
6
91
67
98
12
22
52
35
87
80
95
64
68
64
24
14
8
44
69
66
75
17
42
74
53
18
100
46
16
44
72
62
64
33
27
59
23
89
7
39
40
17
53
66
70
98
84
28
53
64
62
41
2
33
62
90
49
94
45
94
